20114301 135 126 106
20114302 122 116 81
20114303 149 114 103
20114304 109 123 136
20114305 121 121 114
20114306 116 113 77
20114307 129 101 111
20114308 137 120 95
20114309 145 115 120
20114310 94 119 124
20114311 115 116 130
20114312 142 119 117
20114313 119 120 121
20114314 102 117 120
20114315 149 106 137
20114316 125 122 117
20114317 104 128 149
20114318 114 127 66
20114319 119 110 80
20114320 125 112 136
20114321 124 114 61
20114322 93 126 72
20114323 128 116 121
20114324 130 124 76
20114325 144 106 128
20114326 148 142 115
20114327 111 144 90
20114328 115 117 123
20114329 112 141 149
20114330 94 116 123
20114331 104 123 140
20114332 113 112 142
20114333 146 124 135
20114334 124 114 83
20114335 102 128 67
20114336 149 120 144
20114337 98 114 93
20114338 113 135 114
20114339 127 124 98
20114340 142 108 68
20114341 149 126 102
20114342 104 112 71
20114343 101 113 99
20114344 101 120 127
20114345 95 118 138
20114346 128 133 61
20114347 109 132 131
20114348 145 116 100
20114349 121 117 77
20114350 142 110 102
20114351 104 123 90
20114352 114 136 90
20114353 106 114 124
20114354 134 131 69
20114355 145 108 92
20114356 136 123 115
20114357 125 100 121
20114358 137 126 132
20114359 110 119 95
20114360 98 100 129
20114361 143 141 87
20114362 98 134 98
20114363 142 119 128
20114364 144 111 67
20114365 117 114 148
20114366 124 138 83
20114367 118 119 117
20114368 149 102 85
20114369 141 109 90
20114370 117 117 118
20114371 129 115 126
20114372 122 123 66
20114373 104 109 122
20114374 90 130 66
20114375 91 104 79
20114376 131 126 148
20114377 138 132 110
20114378 137 121 130
20114379 97 109 66
20114380 142 107 92
20114381 141 126 91
20114382 119 120 118
20114383 115 138 90
20114384 144 116 76
20114385 104 107 109
20114386 145 101 62
20114387 149 120 123
20114388 145 120 127
20114389 135 131 104
20114390 136 118 66
20114391 122 126 77
20114392 133 123 94
20114393 127 107 141
20114394 95 118 92
20114395 126 117 136
20114396 144 103 142
20114397 124 114 120
20114398 121 122 115
20114399 109 118 138
20114400 113 98 106
